122.1941590048675
126.64305029745809
160.71065440778798
160.80367766360195
154.27852893455923
147.13196322336398
159.13683071930774
154.25256895619253
129.27366143861548
138.79718766901027
128.32720389399677
128.23472147106543
123.87020010816657
84.10383991346674
110.92374256354786
120.87831260140617
126.73823688480259
75.35857220118983
59.72471606273661
59.432666306111415
59.55868036776636
127.26933477555436
127.04218496484586
110.58031368307194
165.49215792320172
165.6706327744727
159.15684153596538
165.78961600865333
165.80259599783668
158.0097349918875
59.67279610600325
119.16549486208761
123.34883720930233
129.41049215792322
124.45538128718226
128.80692266089778
128.89345592212007
122.44131963223364
60.435911303407245
119.15792320173067
122.98431584640346
59.83071930773391
129.9956733369389
59.7203893996755
59.87560843699297
129.9296917252569
136.31422390481342
107.06003244997297
113.38507301243915
67.27852893455922
119.63872363439697
143.19091400757165
165.71930773391023
161.03569497025418
165.90156841535966
165.658193618172
126.73823688480259
54.528393726338564
116.24067063277447
121.12601406165494
128.9751216873986
129.473769605192
124.74256354786371
128.38236884802595
153.01406165494862
165.6706327744727
130.86046511627907
60.62520281233099
59.64305029745809
129.40778799351
129.43591130340724
127.54732287723094
124.71660356949702
122.4683612763656
125.10383991346674
124.12276906435912
161.11249323958896
132.55164954029206
72.20767982693347
107.78474851270957
108.68685776095187
121.85073012439156
136.3791238507301
103.45213628988643
165.95402920497565
115.07517577068685
119.12168739859383
119.16495402920498
