[131.  51.   4.] [131.  51.   4.] [131.  51.   4.] [131.  51.   4.] [131.  51.   4.] [131.  51.   4.] [131.  51.   4.] [131.  51.   4.] [131.  51.   4.] [131.  51.   4.] [136.  55.  12.] [127.  46.   4.] [131.  51.   4.] [131.  51.   4.] [131.  51.   4.] [131.  51.   4.] [131.  51.   4.] [131.  51.   4.] [131.  51.   4.] [131.  51.   4.] [131.  51.   4.] [131.  51.   4.] [131.  51.   4.] [131.  51.   4.] [131.  51.   4.] [131.  51.   4.] [131.  51.   4.] [131.  51.   4.] [131.  51.   4.] [131.  51.   4.] [131.  51.   4.] [131.  51.   4.] [131.  51.   4.] [131.  51.   4.] [131.  51.   4.] [131.  51.   4.] [140.  55.  12.] [136.  51.   8.] [131.  51.   4.] [131.  51.   4.] [131.  51.   4.] [136.  55.   8.] [131.  51.   4.] 43

[131.  51.   4.] [131.  51.   4.] [131.  51.   4.] [136.  51.   4.] [131.  51.   4.] [127.  46.   4.] [127.  46.   4.] [136.  51.   4.] [144.  59.  12.] [136.  51.   8.] [136.  51.   4.] [131.  51.   4.] [131.  51.   4.] [131.  51.   4.] [136.  51.   4.] [131.  51.   4.] [131.  51.   4.] [136.  51.   4.] [136.  51.   4.] [131.  51.   4.] [131.  51.   4.] [136.  51.   4.] [136.  51.   4.] [127.  46.   4.] [131.  51.   4.] [136.  51.   4.] [131.  51.   4.] [131.  51.   4.] [136.  51.   8.] [136.  51.   4.] [131.  51.   4.] [131.  51.   4.] [136.  55.   8.] [136.  51.   4.] [127.  46.   4.] [131.  51.   4.] [136.  51.   4.] [131.  51.   4.] [127.  46.   4.] [131.  51.   4.] [136.  51.   4.] [131.  51.   4.] [131.  51.   4.] 86

[136.  51.   4.] [140.  55.   8.] [144.  55.  12.] [123.  42.   0.] [131.  46.   4.] [140.  55.   8.] [140.  55.   8.] [140.  55.   8.] [148.  59.  17.] [140.  55.   8.] [140.  55.   8.] [140.  55.   8.] [140.  55.   8.] [140.  55.   8.] [140.  55.   8.] [140.  55.   8.] [140.  55.   8.] [140.  55.   8.] [140.  55.   8.] [140.  55.   8.] [140.  55.   8.] [140.  55.   8.] [140.  55.   8.] [140.  55.   8.] [140.  55.   8.] [148.  59.  17.] [144.  55.  12.] [140.  55.   8.] [140.  55.   8.] [140.  55.   8.] [140.  55.   8.] [140.  55.   8.] [140.  55.   8.] [140.  55.   8.] [140.  55.   8.] [140.  55.   8.] [140.  55.   8.] [140.  55.   8.] [140.  55.   8.] [131.  46.   4.] [140.  55.   8.] [140.  55.   8.] [140.  55.   8.] 129

[136.  55.   8.] [144.  55.  12.] [136.  55.   8.] [136.  55.   8.] [140.  55.   8.] [140.  55.   8.] [136.  55.   8.] [136.  55.   8.] [140.  55.   8.] [140.  55.   8.] [136.  55.   8.] [136.  55.   8.] [140.  55.   8.] [140.  55.   8.] [136.  51.   4.] [140.  55.   8.] [140.  55.   8.] [136.  55.   8.] [131.  51.   4.] [140.  55.   8.] [140.  55.   8.] [131.  51.   4.] [123.  46.   0.] [140.  55.   8.] [140.  55.   8.] [140.  55.  12.] [140.  55.   8.] [140.  55.   8.] [131.  51.   4.] [136.  55.   8.] [140.  55.   8.] [140.  55.   8.] [136.  55.   8.] [136.  55.   8.] [140.  55.   8.] [140.  55.   8.] [136.  55.   8.] [136.  55.   8.] [140.  55.   8.] [136.  51.   4.] [136.  51.   8.] [140.  55.   8.] [140.  55.   8.] 172

[140.  55.   8.] [140.  55.   8.] [140.  55.   8.] [140.  55.   8.] [136.  55.   8.] [140.  55.   8.] [136.  51.   4.] [123.  46.   4.] [140.  55.   8.] [136.  55.   8.] [131.  51.   4.] [148.  59.  12.] [140.  55.   8.] [144.  59.  12.] [131.  51.   4.] [144.  55.  12.] [140.  55.   8.] [140.  55.   8.] [136.  55.   8.] [144.  55.  12.] [144.  55.   8.] [136.  46.   4.] [148.  59.  12.] [140.  55.   8.] [144.  55.  12.] [153.  59.  17.] [144.  55.  12.] [140.  55.   8.] [136.  51.   4.] [153.  59.  17.] [144.  55.  12.] [144.  55.   8.] [148.  59.  12.] [148.  59.  12.] [144.  55.   8.] [144.  55.  12.] [148.  59.  17.] [148.  59.  12.] [140.  55.   8.] [144.  55.  12.] [153.  59.  17.] [144.  55.  12.] [140.  55.   8.] 215

[140.  55.   8.] [140.  55.   8.] [140.  55.   8.] [140.  55.   8.] [140.  55.   8.] [140.  55.   8.] [140.  55.   8.] [148.  59.  12.] [170.  76.  29.] [170.  76.  25.] [182.  89.  29.] [170.  72.  25.] [170.  72.  25.] [170.  72.  25.] [170.  72.  25.] [170.  72.  25.] [170.  72.  25.] [170.  72.  25.] [170.  72.  25.] [170.  72.  25.] [170.  72.  25.] [161.  68.  21.] [170.  72.  25.] [170.  72.  25.] [170.  72.  25.] [170.  76.  25.] [170.  76.  29.] [157.  59.  12.] [178.  80.  34.] [170.  76.  25.] [170.  72.  25.] [170.  72.  25.] [174.  76.  29.] [174.  76.  29.] [170.  72.  25.] [170.  72.  25.] [170.  72.  25.] [170.  72.  25.] [170.  72.  25.] [170.  72.  25.] [174.  76.  29.] [170.  72.  25.] [170.  72.  25.] 258

[131.  51.   4.] [140.  55.   8.] [140.  55.   8.] [140.  55.   8.] [140.  55.   8.] [140.  55.   8.] [157.  63.  21.] [174.  80.  25.] [195.  93.  42.] [195.  93.  38.] [199.  97.  42.] [199.  97.  42.] [199.  97.  42.] [199.  97.  42.] [199.  97.  42.] [212. 102.  46.] [204.  97.  42.] [199.  97.  42.] [199.  97.  42.] [199.  97.  42.] [199.  97.  42.] [199.  97.  42.] [199.  97.  42.] [204.  97.  42.] [199.  97.  42.] [199.  97.  42.] [204.  97.  42.] [199.  93.  38.] [204.  97.  42.] [204.  97.  42.] [204.  97.  42.] [204.  97.  42.] [204.  97.  42.] [204.  97.  42.] [204.  97.  42.] [204.  97.  42.] [204.  97.  42.] [204.  97.  42.] [204.  97.  42.] [204.  97.  42.] [233. 110.  55.] [204.  97.  42.] [204.  97.  42.] 301

[136.  51.   4.] [140.  55.   8.] [140.  55.   8.] [144.  59.  12.] [144.  55.  12.] [136.  51.   8.] [174.  80.  29.] [199.  97.  42.] [204.  97.  42.] [204.  97.  42.] [204.  97.  42.] [208.  97.  42.] [208.  97.  42.] [208.  97.  42.] [191.  85.  34.] [216. 102.  46.] [212.  97.  42.] [208.  97.  42.] [212. 102.  46.] [225. 106.  51.] [208.  97.  42.] [208.  97.  42.] [208.  97.  42.] [212. 102.  46.] [208.  97.  42.] [208.  97.  42.] [208.  97.  42.] [208.  97.  42.] [208.  97.  42.] [208.  97.  42.] [208.  97.  42.] [208.  97.  42.] [208.  97.  42.] [208.  97.  42.] [208.  97.  42.] [212. 102.  46.] [208.  97.  42.] [208.  97.  42.] [208.  97.  42.] [208.  97.  42.] [208.  97.  42.] [208.  97.  42.] [233. 114.  59.] 344

[140.  55.   8.] [140.  55.   8.] [140.  55.   8.] [140.  55.   8.] [140.  55.   8.] [153.  63.  17.] [191.  93.  34.] [204.  97.  42.] [208.  97.  42.] [208.  97.  42.] [208.  97.  42.] [208.  97.  42.] [208.  97.  42.] [208.  97.  42.] [204.  93.  42.] [208.  97.  42.] [216. 102.  46.] [225. 106.  51.] [216. 106.  51.] [208.  97.  42.] [208.  97.  42.] [208.  97.  42.] [208.  97.  42.] [199.  89.  38.] [208.  97.  42.] [208.  97.  42.] [208.  97.  42.] [208.  97.  42.] [212. 102.  46.] [208.  97.  42.] [208.  97.  42.] [208.  97.  42.] [208.  97.  42.] [216. 102.  46.] [208.  97.  42.] [212.  97.  42.] [208.  97.  42.] [208.  97.  42.] [208.  97.  42.] [208.  97.  42.] [195.  89.  34.] [208.  97.  42.] [212. 102.  46.] 387

[144.  59.  12.] [144.  59.  12.] [144.  55.   8.] [140.  55.   8.] [144.  55.   8.] [157.  63.  21.] [195.  93.  38.] [208.  97.  42.] [212. 102.  46.] [212.  97.  42.] [212. 102.  46.] [212. 102.  46.] [212.  97.  42.] [204.  93.  42.] [212.  97.  46.] [212. 102.  46.] [212.  97.  42.] [212. 102.  46.] [212.  97.  42.] [216. 102.  46.] [212. 102.  46.] [216. 102.  46.] [208.  97.  42.] [216. 102.  46.] [212. 102.  46.] [216. 102.  46.] [208.  97.  42.] [216. 102.  46.] [208.  97.  42.] [204.  93.  38.] [208.  97.  42.] [216. 102.  46.] [208.  97.  42.] [216. 102.  46.] [208.  97.  42.] [212.  97.  42.] [216. 102.  46.] [212. 102.  46.] [208.  97.  42.] [212. 102.  46.] [216. 102.  46.] [212. 102.  46.] [208.  97.  42.] 430

[144.  55.  12.] [144.  59.  12.] [144.  55.   8.] [144.  59.  12.] [144.  55.   8.] [161.  63.  21.] [195.  93.  38.] [216. 102.  46.] [212. 102.  46.] [216. 102.  46.] [212. 102.  46.] [216. 102.  46.] [212. 102.  46.] [216. 102.  46.] [212. 102.  46.] [216. 102.  46.] [212. 102.  46.] [216. 102.  46.] [212. 102.  46.] [229. 114.  55.] [212. 102.  46.] [216. 102.  46.] [212. 102.  46.] [216. 106.  46.] [216. 102.  46.] [216. 102.  46.] [212. 102.  46.] [216. 102.  46.] [216. 102.  46.] [216. 102.  46.] [216. 102.  46.] [216. 102.  46.] [216. 102.  46.] [204.  93.  42.] [216. 102.  46.] [216. 102.  46.] [216. 102.  46.] [216. 102.  46.] [216. 102.  46.] [216. 102.  46.] [216. 102.  46.] [216. 102.  46.] [216. 102.  46.] 473

[144.  55.  12.] [140.  55.   8.] [144.  59.  12.] [148.  59.  12.] [144.  55.   8.] [157.  63.  21.] [187.  85.  34.] [216. 102.  46.] [212. 102.  46.] [212. 102.  46.] [216. 102.  46.] [216. 102.  46.] [212.  97.  42.] [208.  97.  42.] [199.  89.  38.] [212. 102.  46.] [212.  97.  42.] [216. 102.  46.] [216. 102.  46.] [212. 102.  46.] [212. 102.  46.] [225. 110.  51.] [216. 102.  46.] [212. 102.  46.] [212. 102.  46.] [216. 106.  51.] [216. 102.  46.] [212.  97.  42.] [216. 102.  51.] [216. 106.  51.] [212. 102.  46.] [212. 102.  46.] [221. 106.  51.] [221. 106.  51.] [212.  97.  42.] [216. 102.  46.] [212.  97.  42.] [216. 102.  46.] [195.  89.  38.] [212. 102.  46.] [212.  97.  42.] [212. 102.  46.] [212.  97.  42.] 516

[148.  59.  12.] [148.  59.  12.] [148.  59.  12.] [136.  51.   8.] [140.  55.   8.] [161.  68.  21.] [199.  97.  42.] [216. 102.  46.] [221. 106.  51.] [221. 106.  51.] [216. 102.  46.] [216. 106.  51.] [221. 106.  51.] [216. 106.  51.] [216. 102.  46.] [216. 106.  51.] [221. 106.  51.] [216. 106.  51.] [216. 102.  46.] [221. 106.  51.] [221. 106.  51.] [216. 102.  46.] [216. 106.  46.] [221. 106.  51.] [221. 106.  51.] [216. 102.  46.] [221. 106.  51.] [221. 106.  51.] [216. 102.  46.] [204.  93.  42.] [221. 106.  51.] [221. 106.  51.] [212. 102.  46.] [212. 102.  46.] [221. 106.  51.] [221. 106.  46.] [225. 110.  51.] [216. 102.  46.] [229. 110.  55.] [212. 102.  46.] [221. 106.  51.] [221. 106.  51.] [208.  97.  42.] 559

[144.  59.  12.] [140.  55.   8.] [144.  59.  12.] [148.  59.  12.] [144.  55.   8.] [157.  63.  21.] [199.  93.  38.] [216. 106.  51.] [212. 102.  46.] [221. 106.  51.] [221. 106.  51.] [216. 102.  46.] [208.  97.  42.] [216. 102.  46.] [221. 106.  51.] [212. 102.  46.] [212.  97.  42.] [216. 102.  46.] [216. 106.  51.] [212. 102.  46.] [212. 102.  46.] [216. 102.  46.] [212.  97.  46.] [212.  97.  42.] [212. 102.  46.] [221. 106.  51.] [216. 102.  46.] [191.  85.  34.] [204.  93.  42.] [221. 106.  51.] [212. 102.  46.] [212. 102.  46.] [216. 102.  46.] [216. 106.  51.] [221. 106.  51.] [221. 106.  51.] [221. 106.  51.] [221. 106.  51.] [221. 106.  51.] [221. 106.  51.] [229. 114.  55.] [221. 106.  51.] [221. 106.  51.] 602

[148.  59.  17.] [148.  59.  12.] [148.  59.  12.] [148.  59.  12.] [148.  59.  12.] [161.  68.  21.] [199.  97.  42.] [221. 106.  51.] [221. 106.  51.] [225. 110.  51.] [221. 106.  51.] [221. 106.  51.] [221. 106.  51.] [221. 106.  51.] [221. 106.  51.] [221. 106.  51.] [221. 106.  51.] [221. 106.  51.] [221. 106.  51.] [221. 106.  51.] [221. 106.  51.] [221. 106.  51.] [221. 106.  51.] [221. 106.  51.] [221. 106.  51.] [221. 106.  51.] [221. 106.  51.] [212.  97.  46.] [221. 106.  51.] [221. 106.  51.] [221. 106.  51.] [221. 106.  51.] [221. 106.  51.] [221. 106.  51.] [216. 102.  46.] [221. 106.  51.] [216. 102.  46.] [221. 106.  51.] [216. 102.  46.] [221. 106.  51.] [216. 102.  46.] [221. 106.  51.] [216. 102.  46.] 645

[148.  59.  12.] [148.  59.  12.] [144.  55.   8.] [148.  59.  12.] [148.  59.  12.] [161.  68.  21.] [195.  93.  38.] [221. 106.  51.] [221. 106.  51.] [221. 106.  51.] [208.  97.  42.] [212.  97.  46.] [199.  89.  38.] [212.  97.  46.] [208.  97.  42.] [221. 106.  51.] [221. 106.  51.] [221. 106.  51.] [221. 106.  51.] [225. 110.  51.] [225. 106.  51.] [221. 106.  51.] [212. 102.  46.] [221. 106.  51.] [221. 106.  51.] [233. 114.  55.] [212. 102.  46.] [221. 106.  51.] [221. 106.  51.] [221. 106.  51.] [216. 102.  46.] [216. 106.  51.] [225. 110.  51.] [225. 106.  51.] [221. 106.  51.] [221. 106.  51.] [221. 106.  51.] [229. 110.  55.] [221. 106.  51.] [221. 106.  51.] [221. 106.  51.] [221. 106.  51.] [221. 106.  51.] 688

[148.  59.  12.] [148.  59.  12.] [148.  59.  12.] [148.  59.  12.] [148.  59.  12.] [161.  68.  21.] [199.  97.  42.] [221. 106.  51.] [221. 106.  51.] [221. 106.  51.] [221. 106.  51.] [216. 102.  46.] [221. 106.  51.] [225. 106.  51.] [221. 106.  51.] [221. 106.  51.] [221. 106.  51.] [221. 106.  51.] [225. 110.  51.] [221. 106.  51.] [221. 106.  51.] [221. 106.  51.] [221. 106.  51.] [221. 106.  51.] [221. 106.  51.] [221. 106.  51.] [221. 106.  51.] [221. 106.  51.] [221. 106.  51.] [221. 106.  51.] [221. 106.  51.] [221. 106.  51.] [221. 106.  51.] [221. 106.  51.] [221. 106.  51.] [225. 110.  51.] [221. 106.  51.] [221. 106.  51.] [221. 106.  51.] [225. 106.  51.] [233. 114.  55.] [221. 106.  51.] [221. 106.  51.] 731

[148.  59.  12.] [131.  51.   4.] [148.  59.  12.] [148.  59.  12.] [148.  59.  12.] [161.  68.  21.] [199.  97.  42.] [221. 106.  51.] [221. 106.  51.] [221. 106.  51.] [216. 102.  51.] [199.  89.  38.] [221. 106.  51.] [221. 106.  51.] [221. 106.  51.] [221. 106.  51.] [221. 106.  51.] [221. 106.  51.] [221. 106.  51.] [221. 106.  51.] [221. 106.  51.] [221. 106.  51.] [221. 106.  51.] [221. 106.  51.] [221. 106.  51.] [221. 106.  51.] [212.  97.  46.] [221. 106.  51.] [221. 106.  51.] [221. 106.  51.] [221. 106.  51.] [221. 106.  51.] [221. 106.  51.] [221. 106.  51.] [225. 106.  51.] [233. 114.  55.] [221. 106.  51.] [221. 106.  51.] [221. 106.  51.] [221. 106.  51.] [221. 106.  51.] [221. 106.  51.] [221. 106.  51.] 774

[148.  59.  12.] [148.  59.  12.] [148.  59.  12.] [148.  59.  12.] [148.  59.  17.] [161.  68.  21.] [204.  97.  42.] [221. 106.  51.] [221. 106.  51.] [221. 106.  51.] [221. 106.  51.] [221. 106.  51.] [221. 106.  51.] [233. 114.  55.] [221. 106.  51.] [221. 106.  51.] [221. 106.  51.] [221. 106.  51.] [212.  97.  46.] [221. 106.  51.] [225. 110.  51.] [221. 106.  51.] [221. 106.  51.] [221. 106.  51.] [221. 106.  51.] [221. 106.  51.] [212.  97.  46.] [221. 106.  51.] [225. 106.  51.] [221. 106.  51.] [221. 106.  51.] [221. 106.  51.] [221. 106.  51.] [221. 106.  51.] [221. 106.  51.] [221. 106.  51.] [225. 110.  51.] [221. 106.  51.] [221. 106.  51.] [221. 106.  51.] [229. 110.  55.] [221. 106.  51.] [221. 106.  51.] 817

[148.  59.  12.] [148.  59.  12.] [148.  59.  12.] [148.  59.  12.] [148.  59.  12.] [161.  68.  21.] [199.  97.  42.] [221. 106.  51.] [221. 106.  51.] [221. 106.  51.] [225. 106.  51.] [238. 114.  59.] [221. 106.  51.] [221. 106.  51.] [221. 106.  51.] [221. 106.  51.] [221. 106.  51.] [221. 106.  51.] [221. 106.  51.] [221. 106.  51.] [229. 110.  55.] [221. 106.  51.] [221. 106.  51.] [221. 106.  51.] [221. 106.  51.] [221. 106.  51.] [216. 102.  51.] [221. 106.  51.] [221. 106.  51.] [221. 106.  51.] [221. 106.  51.] [221. 106.  51.] [225. 106.  51.] [225. 106.  51.] [221. 106.  51.] [221. 106.  51.] [221. 106.  51.] [221. 106.  51.] [221. 106.  51.] [221. 106.  51.] [221. 106.  51.] [225. 110.  51.] [221. 106.  51.] 860

[153.  63.  12.] [148.  59.  12.] [153.  63.  12.] [153.  63.  17.] [148.  59.  12.] [165.  68.  25.] [208. 102.  42.] [225. 110.  51.] [221. 106.  51.] [225. 106.  51.] [229. 110.  55.] [225. 110.  51.] [221. 106.  51.] [225. 110.  51.] [229. 110.  55.] [225. 110.  51.] [221. 106.  51.] [225. 110.  51.] [229. 110.  55.] [225. 106.  51.] [233. 114.  59.] [233. 114.  59.] [225. 110.  51.] [221. 106.  51.] [225. 110.  51.] [229. 110.  55.] [225. 110.  51.] [221. 106.  51.] [216. 102.  46.] [229. 110.  51.] [225. 106.  51.] [229. 110.  55.] [225. 110.  51.] [225. 110.  51.] [229. 114.  55.] [225. 110.  55.] [229. 110.  55.] [233. 114.  55.] [221. 106.  51.] [225. 110.  51.] [229. 110.  55.] [225. 110.  51.] [221. 106.  51.] 903

[157.  63.  17.] [153.  63.  21.] [161.  72.  21.] [153.  63.  17.] [153.  63.  12.] [165.  68.  25.] [208. 102.  42.] [229. 110.  55.] [221. 106.  51.] [225. 110.  51.] [238. 119.  59.] [225. 110.  51.] [221. 106.  51.] [216. 102.  46.] [212.  97.  42.] [225. 110.  51.] [221. 106.  51.] [225. 110.  51.] [216. 102.  46.] [229. 114.  55.] [225. 106.  51.] [229. 110.  55.] [229. 110.  55.] [221. 106.  51.] [225. 110.  51.] [229. 114.  55.] [225. 110.  51.] [221. 106.  51.] [221. 106.  51.] [229. 110.  55.] [225. 110.  51.] [221. 106.  51.] [229. 110.  55.] [229. 110.  55.] [221. 106.  51.] [225. 110.  51.] [229. 110.  55.] [225. 110.  51.] [221. 106.  51.] [225. 110.  51.] [229. 114.  55.] [225. 110.  51.] [221. 106.  51.] 946

[157.  68.  21.] [148.  59.  12.] [153.  63.  17.] [153.  63.  12.] [148.  59.  12.] [174.  72.  29.] [204.  97.  42.] [229. 110.  55.] [229. 110.  55.] [221. 106.  51.] [225. 110.  51.] [225. 110.  51.] [221. 106.  51.] [221. 102.  46.] [208.  97.  42.] [221. 106.  51.] [229. 110.  55.] [221. 106.  51.] [225. 106.  51.] [229. 110.  55.] [229. 110.  55.] [225. 110.  51.] [225. 110.  51.] [221. 106.  51.] [229. 110.  55.] [225. 106.  51.] [221. 106.  51.] [229. 110.  55.] [221. 106.  51.] [225. 106.  51.] [229. 110.  55.] [221. 106.  51.] [229. 110.  55.] [225. 110.  51.] [225. 106.  51.] [238. 119.  59.] [225. 110.  51.] [225. 110.  55.] [229. 110.  55.] [221. 106.  51.] [225. 106.  51.] [216. 102.  46.] [221. 106.  51.] 989

[153.  63.  17.] [148.  59.  12.] [157.  63.  17.] [153.  63.  12.] [153.  63.  17.] [165.  68.  25.] [212. 102.  46.] [229. 110.  55.] [221. 106.  51.] [229. 110.  55.] [225. 106.  51.] [229. 110.  55.] [221. 106.  51.] [225. 110.  51.] [208.  97.  42.] [229. 110.  51.] [221. 106.  51.] [229. 110.  55.] [229. 114.  55.] [212.  97.  46.] [229. 110.  55.] [225. 106.  51.] [221. 102.  46.] [225. 106.  51.] [233. 114.  55.] [225. 110.  51.] [225. 110.  51.] [221. 106.  51.] [229. 110.  55.] [233. 114.  55.] [221. 106.  51.] [216. 102.  46.] [225. 110.  55.] [229. 110.  55.] [225. 106.  51.] [225. 110.  51.] [233. 114.  55.] [229. 110.  55.] [221. 106.  51.] [225. 110.  51.] [233. 114.  55.] [221. 106.  51.] [229. 110.  55.] 1032

[153.  63.  17.] [157.  68.  17.] [153.  63.  17.] [148.  59.  12.] [157.  68.  17.] [174.  72.  25.] [208. 102.  42.] [221. 106.  51.] [229. 114.  55.] [229. 110.  55.] [225. 110.  51.] [229. 110.  51.] [229. 114.  55.] [229. 110.  55.] [221. 106.  51.] [229. 110.  55.] [233. 114.  55.] [225. 110.  51.] [225. 106.  51.] [229. 114.  55.] [238. 119.  59.] [225. 110.  51.] [225. 110.  51.] [229. 110.  55.] [229. 110.  55.] [221. 106.  51.] [229. 110.  55.] [229. 114.  55.] [233. 114.  55.] [221. 106.  51.] [229. 110.  55.] [229. 110.  55.] [225. 110.  51.] [225. 110.  51.] [229. 114.  55.] [229. 110.  55.] [221. 106.  51.] [229. 110.  51.] [229. 114.  55.] [229. 110.  55.] [221. 106.  51.] [229. 110.  55.] [233. 114.  55.] 1075

[153.  63.  17.] [153.  63.  17.] [153.  63.  17.] [148.  59.  12.] [157.  68.  17.] [170.  72.  25.] [221. 110.  51.] [221. 106.  51.] [233. 114.  55.] [229. 110.  55.] [225. 110.  51.] [229. 110.  55.] [229. 110.  55.] [229. 110.  55.] [221. 106.  51.] [229. 110.  55.] [233. 114.  55.] [229. 114.  55.] [225. 110.  51.] [229. 114.  55.] [229. 110.  55.] [225. 110.  51.] [229. 110.  55.] [229. 110.  55.] [229. 110.  55.] [221. 106.  51.] [221. 106.  51.] [229. 110.  55.] [233. 114.  55.] [221. 106.  51.] [229. 114.  55.] [229. 110.  55.] [229. 110.  55.] [229. 110.  55.] [233. 114.  55.] [229. 114.  55.] [221. 106.  51.] [229. 110.  55.] [229. 110.  55.] [233. 114.  55.] [221. 106.  51.] [229. 110.  55.] [250. 123.  63.] 1118

[153.  63.  17.] [148.  59.  12.] [157.  68.  17.] [148.  59.  12.] [165.  72.  21.] [170.  72.  25.] [212. 102.  46.] [233. 114.  55.] [208.  93.  42.] [225. 110.  51.] [233. 114.  55.] [229. 110.  55.] [221. 106.  51.] [233. 114.  55.] [221. 106.  51.] [233. 114.  55.] [225. 106.  51.] [238. 119.  59.] [246. 123.  63.] [225. 110.  51.] [225. 110.  51.] [229. 110.  55.] [229. 110.  55.] [225. 106.  51.] [233. 114.  55.] [221. 106.  51.] [233. 114.  55.] [221. 106.  51.] [238. 119.  59.] [233. 114.  55.] [225. 110.  51.] [225. 110.  51.] [229. 110.  55.] [229. 114.  55.] [225. 110.  51.] [225. 110.  51.] [233. 114.  55.] [233. 114.  55.] [242. 123.  63.] [233. 114.  55.] [233. 114.  55.] [229. 110.  55.] [233. 114.  55.] 1161

[153.  63.  17.] [157.  68.  17.] [153.  63.  12.] [157.  68.  17.] [157.  63.  17.] [191.  85.  38.] [204.  97.  38.] [225. 110.  55.] [225. 106.  51.] [229. 114.  55.] [229. 110.  55.] [233. 114.  55.] [233. 114.  55.] [225. 110.  51.] [233. 114.  55.] [225. 110.  51.] [233. 114.  55.] [229. 110.  51.] [233. 114.  55.] [233. 114.  55.] [233. 114.  55.] [212.  97.  42.] [229. 110.  55.] [233. 114.  55.] [225. 110.  51.] [233. 114.  55.] [212.  97.  42.] [233. 114.  55.] [229. 114.  55.] [229. 110.  55.] [229. 114.  55.] [233. 114.  55.] [229. 110.  55.] [229. 110.  55.] [233. 114.  55.] [229. 114.  55.] [225. 110.  51.] [225. 110.  51.] [229. 110.  55.] [229. 110.  55.] [242. 119.  59.] [242. 119.  63.] [233. 114.  55.] 1204

[157.  68.  17.] [157.  68.  17.] [157.  63.  17.] [165.  72.  25.] [165.  72.  21.] [178.  76.  29.] [216. 106.  51.] [233. 114.  55.] [225. 106.  51.] [233. 114.  55.] [233. 114.  55.] [233. 114.  55.] [233. 114.  55.] [229. 110.  55.] [233. 114.  55.] [221. 106.  46.] [233. 114.  55.] [225. 110.  51.] [233. 114.  55.] [225. 110.  51.] [242. 119.  63.] [246. 123.  63.] [238. 119.  59.] [233. 114.  55.] [229. 110.  55.] [233. 114.  55.] [233. 114.  55.] [233. 114.  55.] [225. 110.  51.] [221. 106.  51.] [233. 114.  55.] [233. 114.  55.] [233. 114.  55.] [233. 114.  55.] [233. 114.  55.] [242. 119.  59.] [233. 114.  55.] [233. 114.  55.] [233. 114.  55.] [233. 114.  55.] [221. 106.  51.] [242. 119.  59.] [233. 114.  55.] 1247

[153.  63.  17.] [157.  68.  17.] [157.  68.  17.] [170.  76.  25.] [161.  72.  21.] [178.  76.  29.] [225. 110.  51.] [229. 110.  55.] [238. 119.  59.] [225. 110.  51.] [229. 110.  55.] [229. 110.  55.] [233. 114.  55.] [233. 114.  55.] [225. 110.  51.] [229. 114.  55.] [238. 119.  59.] [233. 114.  55.] [229. 110.  55.] [233. 114.  55.] [246. 123.  63.] [221. 106.  51.] [238. 114.  55.] [233. 114.  55.] [233. 114.  55.] [225. 110.  51.] [229. 110.  55.] [233. 114.  55.] [221. 106.  46.] [233. 114.  55.] [229. 114.  55.] [233. 114.  55.] [229. 110.  55.] [242. 119.  59.] [238. 119.  59.] [238. 114.  59.] [229. 110.  55.] [229. 110.  55.] [233. 114.  55.] [233. 114.  55.] [233. 114.  55.] [229. 114.  55.] [233. 114.  55.] 1290

[140.  55.   8.] [157.  68.  17.] [153.  63.  17.] [157.  68.  17.] [165.  72.  21.] [178.  76.  29.] [204. 102.  42.] [233. 114.  55.] [233. 114.  55.] [225. 110.  51.] [233. 114.  55.] [233. 114.  55.] [233. 114.  55.] [229. 110.  51.] [233. 114.  55.] [233. 114.  55.] [233. 114.  55.] [225. 110.  51.] [233. 114.  55.] [238. 119.  59.] [229. 110.  55.] [233. 114.  55.] [233. 114.  55.] [233. 114.  55.] [225. 110.  51.] [233. 114.  55.] [233. 114.  55.] [233. 114.  55.] [233. 114.  55.] [233. 114.  55.] [225. 110.  51.] [233. 114.  55.] [233. 114.  55.] [233. 114.  55.] [233. 114.  55.] [233. 114.  55.] [233. 114.  55.] [233. 114.  55.] [233. 114.  55.] [233. 114.  55.] [233. 114.  55.] [225. 110.  51.] [233. 114.  55.] 1333

[157.  68.  17.] [157.  63.  17.] [157.  68.  17.] [157.  68.  17.] [157.  68.  17.] [174.  76.  29.] [212. 106.  46.] [233. 114.  55.] [233. 114.  55.] [233. 114.  55.] [225. 106.  51.] [229. 114.  55.] [233. 114.  55.] [233. 114.  55.] [233. 114.  55.] [233. 114.  55.] [246. 123.  63.] [233. 114.  55.] [233. 114.  55.] [233. 114.  55.] [233. 114.  55.] [233. 114.  55.] [229. 110.  55.] [233. 114.  55.] [233. 114.  55.] [233. 114.  55.] [225. 110.  51.] [233. 114.  55.] [233. 114.  55.] [233. 114.  55.] [233. 114.  55.] [233. 114.  55.] [229. 110.  55.] [233. 114.  55.] [229. 110.  51.] [229. 110.  51.] [221. 106.  46.] [229. 110.  51.] [225. 110.  51.] [233. 114.  55.] [233. 114.  55.] [229. 110.  51.] [212.  97.  42.] 1376

[148.  63.  12.] [157.  68.  17.] [157.  68.  17.] [165.  72.  25.] [170.  76.  25.] [174.  76.  29.] [212. 106.  46.] [233. 114.  55.] [246. 123.  63.] [238. 119.  59.] [229. 114.  55.] [233. 114.  55.] [233. 114.  55.] [225. 106.  51.] [216. 102.  42.] [233. 114.  55.] [238. 119.  59.] [233. 114.  55.] [233. 114.  55.] [233. 114.  55.] [233. 114.  55.] [233. 114.  55.] [233. 114.  55.] [216. 102.  46.] [233. 114.  55.] [233. 114.  55.] [233. 114.  55.] [233. 114.  55.] [233. 114.  55.] [233. 114.  55.] [221. 106.  46.] [233. 114.  55.] [233. 114.  55.] [233. 114.  55.] [233. 114.  55.] [233. 114.  55.] [233. 114.  55.] [250. 123.  68.] [233. 114.  55.] [233. 114.  55.] [233. 114.  55.] [246. 123.  63.] [229. 114.  55.] 1419

[157.  68.  17.] [157.  68.  17.] [157.  68.  17.] [157.  68.  17.] [161.  68.  21.] [178.  76.  29.] [216. 106.  46.] [233. 114.  55.] [233. 114.  55.] [233. 114.  55.] [233. 114.  55.] [233. 114.  55.] [233. 114.  55.] [233. 114.  55.] [233. 114.  55.] [233. 114.  55.] [250. 123.  63.] [233. 114.  55.] [233. 114.  55.] [233. 114.  55.] [233. 114.  55.] [233. 114.  55.] [233. 114.  55.] [233. 114.  55.] [233. 114.  55.] [233. 114.  55.] [246. 123.  63.] [233. 114.  55.] [233. 114.  55.] [233. 114.  55.] [233. 114.  55.] [233. 114.  55.] [233. 114.  55.] [233. 114.  55.] [233. 114.  55.] [233. 114.  55.] [233. 114.  55.] [233. 114.  55.] [233. 114.  55.] [233. 114.  55.] [233. 114.  55.] [233. 114.  55.] [242. 119.  59.] 1462

[157.  68.  17.] [157.  68.  17.] [157.  68.  17.] [157.  68.  17.] [161.  72.  21.] [178.  76.  29.] [216. 106.  46.] [233. 114.  55.] [233. 114.  55.] [242. 119.  59.] [233. 114.  55.] [233. 114.  55.] [233. 114.  55.] [233. 114.  55.] [233. 114.  55.] [233. 114.  55.] [233. 114.  55.] [233. 114.  55.] [233. 114.  55.] [233. 114.  55.] [233. 114.  55.] [233. 114.  55.] [233. 114.  55.] [233. 114.  55.] [233. 114.  55.] [233. 114.  55.] [233. 114.  55.] [233. 114.  55.] [233. 114.  55.] [233. 114.  55.] [233. 114.  55.] [250. 127.  68.] [242. 119.  59.] [233. 114.  55.] [233. 114.  55.] [233. 114.  55.] [233. 114.  55.] [233. 114.  55.] [233. 114.  55.] [233. 114.  55.] [233. 114.  55.] [233. 114.  55.] [233. 114.  55.] 1505

[157.  68.  17.] [144.  59.  12.] [157.  68.  17.] [157.  68.  17.] [161.  68.  21.] [174.  76.  29.] [204.  97.  38.] [233. 114.  55.] [233. 114.  55.] [233. 114.  55.] [255. 127.  68.] [238. 119.  59.] [242. 119.  59.] [238. 119.  59.] [233. 114.  55.] [233. 114.  55.] [233. 114.  55.] [238. 119.  59.] [233. 114.  55.] [233. 114.  55.] [233. 114.  55.] [233. 114.  55.] [233. 114.  55.] [221. 102.  46.] [233. 114.  55.] [233. 114.  55.] [233. 114.  55.] [233. 114.  55.] [233. 114.  55.] [233. 114.  55.] [233. 114.  55.] [233. 114.  55.] [233. 114.  55.] [233. 114.  55.] [233. 114.  55.] [233. 114.  55.] [233. 114.  55.] [233. 114.  55.] [233. 114.  55.] [233. 114.  55.] [233. 114.  55.] [246. 119.  59.] [246. 123.  63.] 1548

[157.  68.  17.] [157.  68.  17.] [157.  68.  17.] [161.  68.  21.] [161.  68.  21.] [174.  76.  29.] [212. 106.  46.] [233. 114.  55.] [238. 114.  59.] [229. 110.  51.] [238. 114.  55.] [233. 114.  55.] [233. 114.  55.] [233. 114.  55.] [233. 114.  55.] [233. 114.  55.] [233. 114.  55.] [233. 114.  55.] [233. 114.  55.] [233. 114.  55.] [233. 114.  55.] [233. 114.  55.] [233. 114.  55.] [233. 114.  55.] [233. 114.  55.] [233. 114.  55.] [233. 114.  55.] [233. 114.  55.] [233. 114.  55.] [233. 114.  55.] [225. 106.  51.] [233. 114.  55.] [233. 114.  55.] [233. 114.  55.] [233. 114.  55.] [242. 119.  59.] [233. 114.  55.] [233. 114.  55.] [233. 114.  55.] [233. 114.  55.] [233. 114.  55.] [233. 114.  55.] [233. 114.  55.] 1591

[157.  68.  17.] [157.  68.  17.] [157.  68.  17.] [157.  68.  17.] [165.  72.  21.] [178.  76.  29.] [212. 106.  46.] [233. 114.  55.] [229. 110.  51.] [229. 110.  51.] [233. 114.  55.] [233. 114.  55.] [233. 114.  55.] [233. 114.  55.] [233. 114.  55.] [233. 114.  55.] [233. 114.  55.] [238. 119.  59.] [238. 114.  55.] [233. 114.  55.] [233. 114.  55.] [233. 114.  55.] [233. 114.  55.] [233. 114.  55.] [233. 114.  55.] [233. 114.  55.] [233. 114.  55.] [233. 114.  55.] [233. 114.  55.] [233. 114.  55.] [233. 114.  55.] [233. 114.  55.] [233. 114.  55.] [233. 114.  55.] [233. 114.  55.] [233. 114.  55.] [233. 114.  55.] [238. 119.  59.] [233. 114.  55.] [233. 114.  55.] [233. 114.  55.] [233. 114.  55.] [233. 114.  55.] 1634

[157.  68.  17.] [165.  72.  25.] [157.  68.  17.] [157.  68.  17.] [161.  68.  21.] [178.  76.  29.] [212. 106.  46.] [233. 114.  55.] [233. 114.  55.] [233. 114.  55.] [233. 114.  55.] [233. 114.  55.] [233. 114.  55.] [233. 114.  55.] [233. 114.  55.] [233. 114.  55.] [233. 114.  55.] [233. 114.  55.] [233. 114.  55.] [238. 114.  55.] [233. 114.  55.] [233. 114.  55.] [233. 114.  55.] [233. 114.  55.] [233. 114.  55.] [233. 114.  55.] [233. 114.  55.] [233. 114.  55.] [233. 114.  55.] [233. 114.  55.] [238. 114.  55.] [233. 114.  55.] [233. 114.  55.] [233. 114.  55.] [233. 114.  55.] [233. 114.  55.] [233. 114.  55.] [255. 127.  68.] [246. 123.  63.] [233. 114.  55.] [242. 119.  59.] [233. 114.  55.] [233. 114.  55.] 1677

[157.  68.  17.] [157.  68.  17.] [157.  68.  17.] [165.  72.  25.] [157.  68.  17.] [174.  76.  29.] [212. 106.  46.] [233. 114.  55.] [233. 114.  55.] [233. 114.  55.] [233. 114.  55.] [233. 114.  55.] [233. 114.  55.] [233. 114.  55.] [233. 114.  55.] [233. 114.  55.] [242. 123.  63.] [233. 114.  55.] [233. 114.  55.] [246. 123.  63.] [233. 114.  55.] [233. 114.  55.] [233. 114.  55.] [233. 114.  55.] [233. 114.  55.] [233. 114.  55.] [233. 114.  55.] [233. 114.  55.] [233. 114.  55.] [242. 123.  63.] [233. 114.  55.] [233. 114.  55.] [233. 114.  55.] [233. 114.  55.] [233. 114.  55.] [233. 114.  55.] [233. 114.  55.] [233. 114.  55.] [233. 114.  55.] [233. 114.  55.] [233. 114.  55.] [233. 114.  55.] [233. 114.  55.] 1720

[153.  63.  12.] [157.  68.  17.] [165.  72.  25.] [161.  72.  21.] [161.  68.  17.] [178.  76.  29.] [212. 106.  46.] [233. 114.  55.] [233. 114.  55.] [233. 114.  55.] [229. 110.  51.] [212.  97.  42.] [233. 114.  55.] [233. 114.  55.] [233. 114.  55.] [242. 119.  59.] [233. 114.  55.] [233. 114.  55.] [233. 114.  55.] [242. 119.  59.] [225. 110.  51.] [233. 114.  55.] [233. 114.  55.] [233. 114.  55.] [233. 114.  55.] [233. 114.  55.] [233. 114.  55.] [233. 114.  55.] [233. 114.  55.] [238. 119.  59.] [233. 114.  55.] [233. 114.  55.] [238. 119.  59.] [238. 114.  55.] [233. 114.  55.] [233. 114.  55.] [233. 114.  55.] [229. 110.  51.] [233. 114.  55.] [233. 114.  55.] [233. 114.  55.] [233. 114.  55.] [238. 119.  59.] 1763

[148.  59.  12.] [157.  68.  17.] [157.  68.  17.] [157.  68.  17.] [148.  59.  12.] [174.  72.  25.] [212. 106.  46.] [233. 114.  55.] [242. 123.  63.] [233. 114.  55.] [233. 114.  55.] [233. 114.  55.] [233. 114.  55.] [233. 114.  55.] [233. 114.  55.] [233. 114.  55.] [233. 114.  55.] [233. 114.  55.] [233. 114.  55.] [233. 114.  55.] [242. 119.  59.] [233. 114.  55.] [233. 114.  55.] [233. 114.  55.] [233. 114.  55.] [233. 114.  55.] [233. 114.  55.] [212.  97.  42.] [238. 119.  59.] [233. 114.  55.] [233. 114.  55.] [233. 114.  55.] [242. 119.  59.] [250. 123.  63.] [233. 114.  55.] [233. 114.  55.] [233. 114.  55.] [233. 114.  55.] [233. 114.  55.] [233. 114.  55.] [233. 114.  55.] [233. 114.  55.] [246. 123.  63.] 1806

[161.  68.  21.] [157.  68.  17.] [161.  68.  21.] [157.  68.  17.] [161.  68.  21.] [178.  76.  29.] [212. 106.  46.] [233. 114.  55.] [233. 114.  55.] [233. 114.  55.] [233. 114.  55.] [233. 114.  55.] [233. 114.  55.] [221. 106.  46.] [233. 114.  55.] [233. 114.  55.] [233. 114.  55.] [233. 114.  55.] [233. 114.  55.] [233. 114.  55.] [233. 114.  55.] [233. 114.  55.] [233. 114.  55.] [238. 119.  59.] [238. 114.  55.] [233. 114.  55.] [233. 114.  55.] [233. 114.  55.] [233. 114.  55.] [225. 106.  51.] [233. 114.  55.] [233. 114.  55.] [233. 114.  55.] [233. 114.  55.] [233. 114.  55.] [233. 114.  55.] [233. 114.  55.] [255. 127.  68.] [233. 114.  55.] [233. 114.  55.] [233. 114.  55.] [233. 114.  55.] [233. 114.  55.] 1849

